E: -8785.715662984 kcal/mol
Charge: 0
Multiplicity: 1
T1_diagnostic: 0.013269176
