E: -8713.510624227 kcal/mol
Charge: 0
Multiplicity: 1
T1_diagnostic: 0.012660918
