E: -14243.16149698 kcal/mol
Charge: 0
Multiplicity: 3
T1_diagnostic: 0.023928148
