E: -13651.789087098 kcal/mol
Charge: 0
Multiplicity: 3
T1_diagnostic: 0.030647573
