E: -13751.687507022 kcal/mol
Charge: 0
Multiplicity: 4
T1_diagnostic: 0.019331499
