E: -9869.632692168 kcal/mol
Charge: 0
Multiplicity: 1
T1_diagnostic: 0.008692281
