E: -13299.29118115 kcal/mol
Charge: 0
Multiplicity: 4
T1_diagnostic: 0.020853715
