E: -9420.086332591 kcal/mol
Charge: 0
Multiplicity: 2
T1_diagnostic: 0.02509983
