E: -13986.293467875 kcal/mol
Charge: 0
Multiplicity: 5
T1_diagnostic: 0.012769549
