E: -9914.870277498 kcal/mol
Charge: 0
Multiplicity: 4
T1_diagnostic: 0.01878786
