E: -15113.468280122 kcal/mol
Charge: 0
Multiplicity: 1
T1_diagnostic: 0.017613074
