E: -11896.730845732 kcal/mol
Charge: 0
Multiplicity: 8
T1_diagnostic: 0.019246413
