E: -12643.854885873 kcal/mol
Charge: 0
Multiplicity: 8
T1_diagnostic: 0.012081021
