E: -9428.864922052 kcal/mol
Charge: 0
Multiplicity: 4
T1_diagnostic: 0.021495397
