E: -10617.013143591 kcal/mol
Charge: 0
Multiplicity: 7
T1_diagnostic: 0.047330218
