E: -12244.192981377 kcal/mol
Charge: 0
Multiplicity: 6
T1_diagnostic: 0.147258617
