E: -11559.937285654 kcal/mol
Charge: 0
Multiplicity: 8
T1_diagnostic: 0.015325376
