E: -8952.614240042 kcal/mol
Charge: 0
Multiplicity: 2
T1_diagnostic: 0.116101622
