E: -13222.041320821 kcal/mol
Charge: 0
Multiplicity: 5
T1_diagnostic: 0.057417961
