E: -11924.451890569 kcal/mol
Charge: 0
Multiplicity: 7
T1_diagnostic: 0.017637669
