E: -11410.545418735 kcal/mol
Charge: 0
Multiplicity: 9
T1_diagnostic: 0.023698563
