E: -10998.826920297 kcal/mol
Charge: 0
Multiplicity: 4
T1_diagnostic: 0.01194
