E: -8585.834504883 kcal/mol
Charge: 0
Multiplicity: 1
T1_diagnostic: 0.017736062
