E: -8636.342789963 kcal/mol
Charge: 0
Multiplicity: 2
T1_diagnostic: 0.02518089
