E: -15386.708330782 kcal/mol
Charge: 0
Multiplicity: 1
T1_diagnostic: 0.018733575
