E: -9080.324416869 kcal/mol
Charge: 0
Multiplicity: 2
T1_diagnostic: 0.059675588
