E: -9456.598615902 kcal/mol
Charge: 0
Multiplicity: 3
T1_diagnostic: 0.015829659
