E: -11847.313340711 kcal/mol
Charge: 0
Multiplicity: 8
T1_diagnostic: 0.028540556
