E: -11394.83446054 kcal/mol
Charge: 0
Multiplicity: 5
T1_diagnostic: 0.012774213
