E: -12217.14558151 kcal/mol
Charge: 0
Multiplicity: 7
T1_diagnostic: 0.012773863
