E: -8685.772581494 kcal/mol
Charge: 0
Multiplicity: 2
T1_diagnostic: 0.019602226
