E: -14745.973011758 kcal/mol
Charge: 0
Multiplicity: 2
T1_diagnostic: 0.019640016
