E: -13528.043979598 kcal/mol
Charge: 0
Multiplicity: 6
T1_diagnostic: 0.012842675
