E: -14646.061717931 kcal/mol
Charge: 0
Multiplicity: 1
T1_diagnostic: 0.018926829
