E: -9765.531012175 kcal/mol
Charge: 0
Multiplicity: 5
T1_diagnostic: 0.02661696
