E: -14773.036579648 kcal/mol
Charge: 0
Multiplicity: 1
T1_diagnostic: 0.022905032
