E: -11360.010932692 kcal/mol
Charge: 0
Multiplicity: 8
T1_diagnostic: 0.027752075
