E: -13702.171140999 kcal/mol
Charge: 0
Multiplicity: 4
T1_diagnostic: 0.155349753
