E: -10161.534868616 kcal/mol
Charge: 0
Multiplicity: 6
T1_diagnostic: 0.026185195
