E: -11800.879631125 kcal/mol
Charge: 0
Multiplicity: 6
T1_diagnostic: 0.044612555
