E: -12830.167309223 kcal/mol
Charge: 0
Multiplicity: 5
T1_diagnostic: 0.024035295
