E: -10111.040121489 kcal/mol
Charge: 0
Multiplicity: 5
T1_diagnostic: 0.070220234
