E: -11133.22930866 kcal/mol
Charge: 0
Multiplicity: 7
T1_diagnostic: 0.015722605
