E: -10567.581606999 kcal/mol
Charge: 0
Multiplicity: 7
T1_diagnostic: 0.026929822
