E: -10236.403362301 kcal/mol
Charge: 0
Multiplicity: 2
T1_diagnostic: 0.024056436
