E: -10983.844411805 kcal/mol
Charge: 0
Multiplicity: 8
T1_diagnostic: 0.032167425
