E: -12702.44316313 kcal/mol
Charge: 0
Multiplicity: 5
T1_diagnostic: 0.086165385
