E: -14845.91008227 kcal/mol
Charge: 0
Multiplicity: 1
T1_diagnostic: 0.01600175
