E: -12444.12880856 kcal/mol
Charge: 0
Multiplicity: 6
T1_diagnostic: 0.016315921
