E: -11460.002981749 kcal/mol
Charge: 0
Multiplicity: 9
T1_diagnostic: 0.020114187
