E: -9053.276329575 kcal/mol
Charge: 0
Multiplicity: 1
T1_diagnostic: 0.016475745
