E: -13080.580380068 kcal/mol
Charge: 0
Multiplicity: 7
T1_diagnostic: 0.016431099
