E: -10644.758230444 kcal/mol
Charge: 0
Multiplicity: 6
T1_diagnostic: 0.015965388
