E: -10612.724260846 kcal/mol
Charge: 0
Multiplicity: 3
T1_diagnostic: 0.012114278
