E: -15427.012906604 kcal/mol
Charge: 0
Multiplicity: 2
T1_diagnostic: 0.057767846
