E: -10933.400408732 kcal/mol
Charge: 0
Multiplicity: 7
T1_diagnostic: 0.027764093
