E: -14143.157194643 kcal/mol
Charge: 0
Multiplicity: 2
T1_diagnostic: 0.115116646
