E: -9152.533412841 kcal/mol
Charge: 0
Multiplicity: 2
T1_diagnostic: 0.067215073
