E: -14696.483969875 kcal/mol
Charge: 0
Multiplicity: 2
T1_diagnostic: 0.034008551
