E: -9842.701857453 kcal/mol
Charge: 0
Multiplicity: 4
T1_diagnostic: 0.017801544
