E: -9528.806426061 kcal/mol
Charge: 0
Multiplicity: 3
T1_diagnostic: 0.016383934
