E: -9003.17415648 kcal/mol
Charge: 0
Multiplicity: 3
T1_diagnostic: 0.027996525
