E: -13271.57677988 kcal/mol
Charge: 0
Multiplicity: 5
T1_diagnostic: 0.019291432
