E: -9714.977109459 kcal/mol
Charge: 0
Multiplicity: 4
T1_diagnostic: 0.054274698
