E: -14455.429054868 kcal/mol
Charge: 0
Multiplicity: 4
T1_diagnostic: 0.013025258
