E: -9379.434331548 kcal/mol
Charge: 0
Multiplicity: 4
T1_diagnostic: 0.031794973
