E: -12802.441020999 kcal/mol
Charge: 0
Multiplicity: 6
T1_diagnostic: 0.019356644
