E: -10716.961662095 kcal/mol
Charge: 0
Multiplicity: 6
T1_diagnostic: 0.018190117
