E: -11487.731286169 kcal/mol
Charge: 0
Multiplicity: 8
T1_diagnostic: 0.014666195
