E: -11996.664190245 kcal/mol
Charge: 0
Multiplicity: 7
T1_diagnostic: 0.024182334
