E: -9328.895847968 kcal/mol
Charge: 0
Multiplicity: 3
T1_diagnostic: 0.020456543
