E: -13371.513169912 kcal/mol
Charge: 0
Multiplicity: 4
T1_diagnostic: 0.016045266
