E: -14269.891506013 kcal/mol
Charge: 0
Multiplicity: 2
T1_diagnostic: 0.028131336
