E: -12294.733228148 kcal/mol
Charge: 0
Multiplicity: 7
T1_diagnostic: 0.040080131
