E: -11061.025855063 kcal/mol
Charge: 0
Multiplicity: 7
T1_diagnostic: 0.016914889
