E: -13851.684021938 kcal/mol
Charge: 0
Multiplicity: 3
T1_diagnostic: 0.017850773
