E: -10310.912414229 kcal/mol
Charge: 0
Multiplicity: 5
T1_diagnostic: 0.015878222
