E: -11033.28591182 kcal/mol
Charge: 0
Multiplicity: 8
T1_diagnostic: 0.032311424
