E: -12371.922098962 kcal/mol
Charge: 0
Multiplicity: 6
T1_diagnostic: 0.015510441
