E: -9814.965347299 kcal/mol
Charge: 0
Multiplicity: 5
T1_diagnostic: 0.020792401
