E: -14193.678966785 kcal/mol
Charge: 0
Multiplicity: 3
T1_diagnostic: 0.033084006
