E: -12344.188434009 kcal/mol
Charge: 0
Multiplicity: 7
T1_diagnostic: 0.025097233
